00100000000000000000000000101001
00000011111111111111100000000001
00011111101111100000000000000011
00010111101000000000000000000001
00010011111000010000000000000000
00000000000000010001000000010000
00110100010000100000000000000001
00111011111000100000000000001100
00010111101000110000000000000000
00010111101110110000000000000010
00011111011000110000000000000010
00100000000000000000000000100110
00000011111111111111100000000001
00010111101001000000000000000001
00011111010001000000000000000000
00010111101001010000000000000000
00010111101001100000000000000000
00010111101001110000000000000001
00000000110001110100000000000011
00010111101010010000000000000001
00000001000010010101000000000100
00000000101010100101100000000010
00011111010010110000000000000001
00010111010110110000000000000001
00011111100110110000000000000010
00010111010110110000000000000000
00011111100110110000000000000001
00000011101111111101100000000001
00000111011110110000000000000010
00011111100110110000000000000011
00000111101111010000000000001000
00000111100111000000000000001000
00101000000000000000000000000001
00001011101111010000000000001000
00001011100111000000000000001000
00010111101011000000000000000100
00010111101110110000000000000010
00011111011011000000000000000010
00000011111111111111100000000001
00010111101111100000000000000011
00000011110111111111100000001010
00000011111111111111100000000001
00010011111111010000000000000000
00000011101111111110100000000001
00010011111111000000000000000101
00000011100111111110000000000001
00000111111110100000111110100000
00000111100111000000000000000001
00000111100111000000000000000001
00101111111011010000000000000000
00000011111011010111000000000001
00011111101011100000000000000110
00101111111011110000000000000000
00000011111011111000000000000001
00011111101100000000000000000111
00010111101100010000000000000110
00011111010100010000000000000000
00010111101100100000000000000111
00011111010100100000000000000001
00010111010110110000000000000001
00011111100110110000000000000010
00010111010110110000000000000000
00011111100110110000000000000001
00000011101111111101100000000001
00000111011110110000000000000000
00011111100110110000000000000011
00000111101111010000000000001000
00000111100111000000000000001000
00101000000000000000000000000001
00001011101111010000000000001000
00001011100111000000000000001000
00010111101100110000000000000010
00011111010100110000000000000000
00010111010110110000000000000000
00110011111110110000000000000000
11111111111111111111111111111111
